-1.8, 1.00E-01, -4.70E-01, 2
-1.8, 1.00E-02, -2.36E-01, 3
-1.8, 1.00E-03, -1.18E-01, 4
-1.8, 1.00E-04, -5.89E-02, 5
-1.8, 1.00E-05, -2.95E-02, 6
-1.8, 1.00E-06, -2.95E-02, 6
-1.8, 1.00E-07, -1.47E-02, 7
-1.8, 1.00E-08, -7.36E-03, 8
-1.8, 1.00E-09, -3.68E-03, 9
-1.8, 1.00E-10, -1.84E-03, 10
-1.8, 1.00E-11, -9.21E-04, 11
-1.8, 1.00E-12, -9.21E-04, 11
-1.8, 1.00E-13, -4.60E-04, 12
-1.8, 1.00E-14, -2.30E-04, 13
-1.8, 1.00E-15, -1.15E-04, 14
-1.8, 1.00E-16, -5.75E-05, 15
-1.8, 1.00E-17, -2.88E-05, 16
-1.8, 1.00E-18, -2.88E-05, 16
-1.8, 1.00E-19, -1.44E-05, 17
-1.8, 1.00E-20, -7.19E-06, 18
-1.7, 1.00E-01, -2.87E-01, 6
-1.7, 1.00E-02, -2.87E-01, 6
-1.7, 1.00E-03, -1.43E-01, 7
-1.7, 1.00E-04, -7.17E-02, 8
-1.7, 1.00E-05, -3.58E-02, 9
-1.7, 1.00E-06, -1.79E-02, 10
-1.7, 1.00E-07, -8.96E-03, 11
-1.7, 1.00E-08, -8.96E-03, 11
-1.7, 1.00E-09, -4.48E-03, 12
-1.7, 1.00E-10, -2.24E-03, 13
-1.7, 1.00E-11, -1.12E-03, 14
-1.7, 1.00E-12, -5.60E-04, 15
-1.7, 1.00E-13, -5.60E-04, 15
-1.7, 1.00E-14, -2.80E-04, 16
-1.7, 1.00E-15, -1.40E-04, 17
-1.7, 1.00E-16, -7.00E-05, 18
-1.7, 1.00E-17, -3.50E-05, 19
-1.7, 1.00E-18, -1.75E-05, 20
-1.7, 1.00E-19, -1.75E-05, 20
-1.7, 1.00E-20, -8.75E-06, 21
-1.6, 1.00E-01, 2.99E-01, 6
-1.6, 1.00E-02, 2.99E-01, 6
-1.6, 1.00E-03, 1.50E-01, 7
-1.6, 1.00E-04, 7.49E-02, 8
-1.6, 1.00E-05, 3.74E-02, 9
-1.6, 1.00E-06, 1.87E-02, 10
-1.6, 1.00E-07, 9.36E-03, 11
-1.6, 1.00E-08, 9.36E-03, 11
-1.6, 1.00E-09, 4.68E-03, 12
-1.6, 1.00E-10, 2.34E-03, 13
-1.6, 1.00E-11, 1.17E-03, 14
-1.6, 1.00E-12, 5.85E-04, 15
-1.6, 1.00E-13, 2.92E-04, 16
-1.6, 1.00E-14, 2.92E-04, 16
-1.6, 1.00E-15, 1.46E-04, 17
-1.6, 1.00E-16, 7.31E-05, 18
-1.6, 1.00E-17, 3.66E-05, 19
-1.6, 1.00E-18, 1.83E-05, 20
-1.6, 1.00E-19, 9.14E-06, 21
-1.6, 1.00E-20, 9.14E-06, 21
-1.5, 1.00E-01, -3.10E-01, 2
-1.5, 1.00E-02, -3.10E-01, 2
-1.5, 1.00E-03, -1.55E-01, 3
-1.5, 1.00E-04, -7.76E-02, 4
-1.5, 1.00E-05, -3.88E-02, 5
-1.5, 1.00E-06, -1.94E-02, 6
-1.5, 1.00E-07, -9.70E-03, 7
-1.5, 1.00E-08, -9.70E-03, 7
-1.5, 1.00E-09, -4.85E-03, 8
-1.5, 1.00E-10, -2.43E-03, 9
-1.5, 1.00E-11, -1.21E-03, 10
-1.5, 1.00E-12, -6.06E-04, 11
-1.5, 1.00E-13, -3.03E-04, 12
-1.5, 1.00E-14, -3.03E-04, 12
-1.5, 1.00E-15, -1.52E-04, 13
-1.5, 1.00E-16, -7.58E-05, 14
-1.5, 1.00E-17, -3.79E-05, 15
-1.5, 1.00E-18, -1.89E-05, 16
-1.5, 1.00E-19, -9.47E-06, 17
-1.5, 1.00E-20, -9.47E-06, 17
-1.4, 1.00E-01, -5.01E-01, 3
-1.4, 1.00E-02, -2.51E-01, 4
-1.4, 1.00E-03, -1.26E-01, 5
-1.4, 1.00E-04, -6.28E-02, 6
-1.4, 1.00E-05, -3.14E-02, 7
-1.4, 1.00E-06, -3.14E-02, 7
-1.4, 1.00E-07, -1.57E-02, 8
-1.4, 1.00E-08, -7.85E-03, 9
-1.4, 1.00E-09, -3.93E-03, 10
-1.4, 1.00E-10, -1.96E-03, 11
-1.4, 1.00E-11, -9.82E-04, 12
-1.4, 1.00E-12, -9.82E-04, 12
-1.4, 1.00E-13, -4.91E-04, 13
-1.4, 1.00E-14, -2.45E-04, 14
-1.4, 1.00E-15, -1.23E-04, 15
-1.4, 1.00E-16, -6.13E-05, 16
-1.4, 1.00E-17, -3.07E-05, 17
-1.4, 1.00E-18, -3.07E-05, 17
-1.4, 1.00E-19, -1.53E-05, 18
-1.4, 1.00E-20, -7.67E-06, 19
-1.3, 1.00E-01, -2.94E-01, 4
-1.3, 1.00E-02, -2.94E-01, 4
-1.3, 1.00E-03, -1.47E-01, 5
-1.3, 1.00E-04, -7.35E-02, 6
-1.3, 1.00E-05, -3.68E-02, 7
-1.3, 1.00E-06, -1.84E-02, 8
-1.3, 1.00E-07, -9.19E-03, 9
-1.3, 1.00E-08, -9.19E-03, 9
-1.3, 1.00E-09, -4.59E-03, 10
-1.3, 1.00E-10, -2.30E-03, 11
-1.3, 1.00E-11, -1.15E-03, 12
-1.3, 1.00E-12, -5.74E-04, 13
-1.3, 1.00E-13, -2.87E-04, 14
-1.3, 1.00E-14, -2.87E-04, 14
-1.3, 1.00E-15, -1.44E-04, 15
-1.3, 1.00E-16, -7.18E-05, 16
-1.3, 1.00E-17, -3.59E-05, 17
-1.3, 1.00E-18, -1.79E-05, 18
-1.3, 1.00E-19, -8.97E-06, 19
-1.3, 1.00E-20, -8.97E-06, 19
-1.2, 1.00E-01, -5.13E-01, 3
-1.2, 1.00E-02, -2.58E-01, 4
-1.2, 1.00E-03, -1.29E-01, 5
-1.2, 1.00E-04, -6.45E-02, 6
-1.2, 1.00E-05, -3.22E-02, 7
-1.2, 1.00E-06, -1.61E-02, 8
-1.2, 1.00E-07, -1.61E-02, 8
-1.2, 1.00E-08, -8.06E-03, 9
-1.2, 1.00E-09, -4.03E-03, 10
-1.2, 1.00E-10, -2.01E-03, 11
-1.2, 1.00E-11, -1.01E-03, 12
-1.2, 1.00E-12, -5.04E-04, 13
-1.2, 1.00E-13, -5.04E-04, 13
-1.2, 1.00E-14, -2.52E-04, 14
-1.2, 1.00E-15, -1.26E-04, 15
-1.2, 1.00E-16, -6.30E-05, 16
-1.2, 1.00E-17, -3.15E-05, 17
-1.2, 1.00E-18, -3.15E-05, 17
-1.2, 1.00E-19, -1.57E-05, 18
-1.2, 1.00E-20, -7.87E-06, 19
-1.1, 1.00E-01, -3.89E-01, 3
-1.1, 1.00E-02, -1.94E-01, 4
-1.1, 1.00E-03, -9.72E-02, 5
-1.1, 1.00E-04, -9.72E-02, 5
-1.1, 1.00E-05, -4.86E-02, 6
-1.1, 1.00E-06, -2.43E-02, 7
-1.1, 1.00E-07, -1.21E-02, 8
-1.1, 1.00E-08, -6.07E-03, 9
-1.1, 1.00E-09, -3.04E-03, 10
-1.1, 1.00E-10, -3.04E-03, 10
-1.1, 1.00E-11, -1.52E-03, 11
-1.1, 1.00E-12, -7.59E-04, 12
-1.1, 1.00E-13, -3.80E-04, 13
-1.1, 1.00E-14, -1.90E-04, 14
-1.1, 1.00E-15, -9.49E-05, 15
-1.1, 1.00E-16, -9.49E-05, 15
-1.1, 1.00E-17, -4.74E-05, 16
-1.1, 1.00E-18, -2.37E-05, 17
-1.1, 1.00E-19, -1.19E-05, 18
-1.1, 1.00E-20, -5.93E-06, 19
-1.0, 1.00E-01, -5.43E-01, 2
-1.0, 1.00E-02, -2.74E-01, 3
-1.0, 1.00E-03, -1.37E-01, 4
-1.0, 1.00E-04, -6.86E-02, 5
-1.0, 1.00E-05, -3.43E-02, 6
-1.0, 1.00E-06, -1.71E-02, 7
-1.0, 1.00E-07, -1.71E-02, 7
-1.0, 1.00E-08, -8.57E-03, 8
-1.0, 1.00E-09, -4.29E-03, 9
-1.0, 1.00E-10, -2.14E-03, 10
-1.0, 1.00E-11, -1.07E-03, 11
-1.0, 1.00E-12, -5.36E-04, 12
-1.0, 1.00E-13, -5.36E-04, 12
-1.0, 1.00E-14, -2.68E-04, 13
-1.0, 1.00E-15, -1.34E-04, 14
-1.0, 1.00E-16, -6.70E-05, 15
-1.0, 1.00E-17, -3.35E-05, 16
-1.0, 1.00E-18, -1.67E-05, 17
-1.0, 1.00E-19, -1.67E-05, 17
-1.0, 1.00E-20, -8.37E-06, 18
-0.9, 1.00E-01, -3.73E-01, 2
-0.9, 1.00E-02, -1.87E-01, 3
-0.9, 1.00E-03, -9.33E-02, 4
-0.9, 1.00E-04, -9.33E-02, 4
-0.9, 1.00E-05, -4.66E-02, 5
-0.9, 1.00E-06, -2.33E-02, 6
-0.9, 1.00E-07, -1.17E-02, 7
-0.9, 1.00E-08, -5.83E-03, 8
-0.9, 1.00E-09, -2.91E-03, 9
-0.9, 1.00E-10, -2.91E-03, 9
-0.9, 1.00E-11, -1.46E-03, 10
-0.9, 1.00E-12, -7.29E-04, 11
-0.9, 1.00E-13, -3.64E-04, 12
-0.9, 1.00E-14, -1.82E-04, 13
-0.9, 1.00E-15, -9.11E-05, 14
-0.9, 1.00E-16, -9.11E-05, 14
-0.9, 1.00E-17, -4.55E-05, 15
-0.9, 1.00E-18, -2.28E-05, 16
-0.9, 1.00E-19, -1.14E-05, 17
-0.9, 1.00E-20, -5.69E-06, 18
-0.8, 1.00E-01, -5.27E-01, 1
-0.8, 1.00E-02, -2.66E-01, 2
-0.8, 1.00E-03, -1.33E-01, 3
-0.8, 1.00E-04, -6.64E-02, 4
-0.8, 1.00E-05, -3.32E-02, 5
-0.8, 1.00E-06, -1.66E-02, 6
-0.8, 1.00E-07, -1.66E-02, 6
-0.8, 1.00E-08, -8.30E-03, 7
-0.8, 1.00E-09, -4.15E-03, 8
-0.8, 1.00E-10, -2.07E-03, 9
-0.8, 1.00E-11, -1.04E-03, 10
-0.8, 1.00E-12, -5.19E-04, 11
-0.8, 1.00E-13, -5.19E-04, 11
-0.8, 1.00E-14, -2.59E-04, 12
-0.8, 1.00E-15, -1.30E-04, 13
-0.8, 1.00E-16, -6.48E-05, 14
-0.8, 1.00E-17, -3.24E-05, 15
-0.8, 1.00E-18, -1.62E-05, 16
-0.8, 1.00E-19, -1.62E-05, 16
-0.8, 1.00E-20, -8.10E-06, 17
-0.7, 1.00E-01, -3.94E-01, 1
-0.7, 1.00E-02, -1.97E-01, 2
-0.7, 1.00E-03, -9.84E-02, 3
-0.7, 1.00E-04, -9.84E-02, 3
-0.7, 1.00E-05, -4.92E-02, 4
-0.7, 1.00E-06, -2.46E-02, 5
-0.7, 1.00E-07, -1.23E-02, 6
-0.7, 1.00E-08, -6.15E-03, 7
-0.7, 1.00E-09, -3.07E-03, 8
-0.7, 1.00E-10, -3.07E-03, 8
-0.7, 1.00E-11, -1.54E-03, 9
-0.7, 1.00E-12, -7.69E-04, 10
-0.7, 1.00E-13, -3.84E-04, 11
-0.7, 1.00E-14, -1.92E-04, 12
-0.7, 1.00E-15, -9.61E-05, 13
-0.7, 1.00E-16, -9.61E-05, 13
-0.7, 1.00E-17, -4.80E-05, 14
-0.7, 1.00E-18, -2.40E-05, 15
-0.7, 1.00E-19, -1.20E-05, 16
-0.7, 1.00E-20, -6.01E-06, 17
-0.6, 1.00E-01, -3.08E-01, 1
-0.6, 1.00E-02, -3.08E-01, 1
-0.6, 1.00E-03, -1.54E-01, 2
-0.6, 1.00E-04, -7.71E-02, 3
-0.6, 1.00E-05, -3.86E-02, 4
-0.6, 1.00E-06, -1.93E-02, 5
-0.6, 1.00E-07, -9.64E-03, 6
-0.6, 1.00E-08, -9.64E-03, 6
-0.6, 1.00E-09, -4.82E-03, 7
-0.6, 1.00E-10, -2.41E-03, 8
-0.6, 1.00E-11, -1.21E-03, 9
-0.6, 1.00E-12, -6.03E-04, 10
-0.6, 1.00E-13, -3.01E-04, 11
-0.6, 1.00E-14, -3.01E-04, 11
-0.6, 1.00E-15, -1.51E-04, 12
-0.6, 1.00E-16, -7.53E-05, 13
-0.6, 1.00E-17, -3.77E-05, 14
-0.6, 1.00E-18, -1.88E-05, 15
-0.6, 1.00E-19, -9.41E-06, 16
-0.6, 1.00E-20, -9.41E-06, 16
-0.5, 1.00E-01, -5.00E-01, 0
-0.5, 1.00E-02, -2.51E-01, 1
-0.5, 1.00E-03, -1.25E-01, 2
-0.5, 1.00E-04, -6.27E-02, 3
-0.5, 1.00E-05, -3.14E-02, 4
-0.5, 1.00E-06, -3.14E-02, 4
-0.5, 1.00E-07, -1.57E-02, 5
-0.5, 1.00E-08, -7.84E-03, 6
-0.5, 1.00E-09, -3.92E-03, 7
-0.5, 1.00E-10, -1.96E-03, 8
-0.5, 1.00E-11, -9.80E-04, 9
-0.5, 1.00E-12, -9.80E-04, 9
-0.5, 1.00E-13, -4.90E-04, 10
-0.5, 1.00E-14, -2.45E-04, 11
-0.5, 1.00E-15, -1.23E-04, 12
-0.5, 1.00E-16, -6.13E-05, 13
-0.5, 1.00E-17, -3.06E-05, 14
-0.5, 1.00E-18, -3.06E-05, 14
-0.5, 1.00E-19, -1.53E-05, 15
-0.5, 1.00E-20, -7.66E-06, 16
-0.4, 1.00E-01, -4.00E-01, 0
-0.4, 1.00E-02, -2.00E-01, 1
-0.4, 1.00E-03, -1.00E-01, 2
-0.4, 1.00E-04, -5.00E-02, 3
-0.4, 1.00E-05, -5.00E-02, 3
-0.4, 1.00E-06, -2.50E-02, 4
-0.4, 1.00E-07, -1.25E-02, 5
-0.4, 1.00E-08, -6.25E-03, 6
-0.4, 1.00E-09, -3.13E-03, 7
-0.4, 1.00E-10, -3.13E-03, 7
-0.4, 1.00E-11, -1.56E-03, 8
-0.4, 1.00E-12, -7.81E-04, 9
-0.4, 1.00E-13, -3.91E-04, 10
-0.4, 1.00E-14, -1.95E-04, 11
-0.4, 1.00E-15, -9.77E-05, 12
-0.4, 1.00E-16, -9.77E-05, 12
-0.4, 1.00E-17, -4.88E-05, 13
-0.4, 1.00E-18, -2.44E-05, 14
-0.4, 1.00E-19, -1.22E-05, 15
-0.4, 1.00E-20, -6.11E-06, 16
-0.3, 1.00E-01, -3.00E-01, 0
-0.3, 1.00E-02, -3.00E-01, 0
-0.3, 1.00E-03, -1.50E-01, 1
-0.3, 1.00E-04, -7.50E-02, 2
-0.3, 1.00E-05, -3.75E-02, 3
-0.3, 1.00E-06, -1.88E-02, 4
-0.3, 1.00E-07, -9.38E-03, 5
-0.3, 1.00E-08, -9.38E-03, 5
-0.3, 1.00E-09, -4.69E-03, 6
-0.3, 1.00E-10, -2.34E-03, 7
-0.3, 1.00E-11, -1.17E-03, 8
-0.3, 1.00E-12, -5.86E-04, 9
-0.3, 1.00E-13, -2.93E-04, 10
-0.3, 1.00E-14, -2.93E-04, 10
-0.3, 1.00E-15, -1.46E-04, 11
-0.3, 1.00E-16, -7.32E-05, 12
-0.3, 1.00E-17, -3.66E-05, 13
-0.3, 1.00E-18, -1.83E-05, 14
-0.3, 1.00E-19, -9.16E-06, 15
-0.3, 1.00E-20, -9.16E-06, 15
-0.2, 1.00E-01, -2.00E-01, 0
-0.2, 1.00E-02, -2.00E-01, 0
-0.2, 1.00E-03, -1.00E-01, 1
-0.2, 1.00E-04, -5.00E-02, 2
-0.2, 1.00E-05, -5.00E-02, 2
-0.2, 1.00E-06, -2.50E-02, 3
-0.2, 1.00E-07, -1.25E-02, 4
-0.2, 1.00E-08, -6.25E-03, 5
-0.2, 1.00E-09, -3.13E-03, 6
-0.2, 1.00E-10, -3.13E-03, 6
-0.2, 1.00E-11, -1.56E-03, 7
-0.2, 1.00E-12, -7.81E-04, 8
-0.2, 1.00E-13, -3.91E-04, 9
-0.2, 1.00E-14, -1.95E-04, 10
-0.2, 1.00E-15, -9.77E-05, 11
-0.2, 1.00E-16, -9.77E-05, 11
-0.2, 1.00E-17, -4.88E-05, 12
-0.2, 1.00E-18, -2.44E-05, 13
-0.2, 1.00E-19, -1.22E-05, 14
-0.2, 1.00E-20, -6.10E-06, 15
-0.1, 1.00E-01, -1.00E-01, 0
-0.1, 1.00E-02, -1.00E-01, 0
-0.1, 1.00E-03, -1.00E-01, 0
-0.1, 1.00E-04, -5.00E-02, 1
-0.1, 1.00E-05, -5.00E-02, 1
-0.1, 1.00E-06, -2.50E-02, 2
-0.1, 1.00E-07, -1.25E-02, 3
-0.1, 1.00E-08, -6.25E-03, 4
-0.1, 1.00E-09, -3.13E-03, 5
-0.1, 1.00E-10, -3.13E-03, 5
-0.1, 1.00E-11, -1.56E-03, 6
-0.1, 1.00E-12, -7.81E-04, 7
-0.1, 1.00E-13, -3.91E-04, 8
-0.1, 1.00E-14, -1.95E-04, 9
-0.1, 1.00E-15, -9.77E-05, 10
-0.1, 1.00E-16, -9.77E-05, 10
-0.1, 1.00E-17, -4.88E-05, 11
-0.1, 1.00E-18, -2.44E-05, 12
-0.1, 1.00E-19, -1.22E-05, 13
-0.1, 1.00E-20, -6.10E-06, 14
0.0, 1.00E-01 , - , 0
0.0, 1.00E-02 , - , 0
0.0, 1.00E-03 , - , 0
0.0, 1.00E-04 , - , 0
0.0, 1.00E-05 , - , 0
0.0, 1.00E-06 , - , 0
0.0, 1.00E-07 , - , 0
0.0, 1.00E-08 , - , 0
0.0, 1.00E-09 , - , 0
0.0, 1.00E-10 , - , 0
0.0, 1.00E-11 , - , 0
0.0, 1.00E-12 , - , 0
0.0, 1.00E-13 , - , 0
0.0, 1.00E-14 , - , 0
0.0, 1.00E-15 , - , 0
0.0, 1.00E-16 , - , 0
0.0, 1.00E-17 , - , 0
0.0, 1.00E-18 , - , 0
0.0, 1.00E-19 , - , 0
0.0, 1.00E-20 , - , 0
0.1, 1.00E-01, 1.00E-01, 0
0.1, 1.00E-02, 1.00E-01, 0
0.1, 1.00E-03, 1.00E-01, 0
0.1, 1.00E-04, 1.00E-01, 0
0.1, 1.00E-05, 5.00E-02, 1
0.1, 1.00E-06, 2.50E-02, 2
0.1, 1.00E-07, 1.25E-02, 3
0.1, 1.00E-08, 6.25E-03, 4
0.1, 1.00E-09, 3.12E-03, 5
0.1, 1.00E-10, 3.12E-03, 5
0.1, 1.00E-11, 1.56E-03, 6
0.1, 1.00E-12, 7.81E-04, 7
0.1, 1.00E-13, 3.91E-04, 8
0.1, 1.00E-14, 1.95E-04, 9
0.1, 1.00E-15, 9.77E-05, 10
0.1, 1.00E-16, 9.77E-05, 10
0.1, 1.00E-17, 4.88E-05, 11
0.1, 1.00E-18, 2.44E-05, 12
0.1, 1.00E-19, 1.22E-05, 13
0.1, 1.00E-20, 6.10E-06, 14
0.2, 1.00E-01, 2.00E-01, 0
0.2, 1.00E-02, 2.00E-01, 0
0.2, 1.00E-03, 1.00E-01, 1
0.2, 1.00E-04, 1.00E-01, 1
0.2, 1.00E-05, 5.00E-02, 2
0.2, 1.00E-06, 2.50E-02, 3
0.2, 1.00E-07, 1.25E-02, 4
0.2, 1.00E-08, 6.25E-03, 5
0.2, 1.00E-09, 3.12E-03, 6
0.2, 1.00E-10, 3.12E-03, 6
0.2, 1.00E-11, 1.56E-03, 7
0.2, 1.00E-12, 7.81E-04, 8
0.2, 1.00E-13, 3.91E-04, 9
0.2, 1.00E-14, 1.95E-04, 10
0.2, 1.00E-15, 9.77E-05, 11
0.2, 1.00E-16, 9.77E-05, 11
0.2, 1.00E-17, 4.88E-05, 12
0.2, 1.00E-18, 2.44E-05, 13
0.2, 1.00E-19, 1.22E-05, 14
0.2, 1.00E-20, 6.10E-06, 15